feature_select.py:62: RuntimeWarning: invalid value encountered in log
  y_pred = np.sum(np.log(pf2[x_test]),axis = 1)  > np.sum(np.log(pm2[x_test]),axis = 1)
feature_select.py:62: RuntimeWarning: invalid value encountered in greater
  y_pred = np.sum(np.log(pf2[x_test]),axis = 1)  > np.sum(np.log(pm2[x_test]),axis = 1)
feature_select.py:58: RuntimeWarning: divide by zero encountered in true_divide
  pf2 = np.copy(pf/(np.sum(pf)-np.sum(pf[I])))
feature_select.py:59: RuntimeWarning: divide by zero encountered in true_divide
  pm2 = np.copy(pm/(np.sum(pm)-np.sum(pm[I])))
feature_select.py:75: RuntimeWarning: divide by zero encountered in true_divide
  pf2 = np.copy(pf/(np.sum(pf)-np.sum(pf[I])))
feature_select.py:76: RuntimeWarning: divide by zero encountered in true_divide
  pm2 = np.copy(pm/(np.sum(pm)-np.sum(pm[I])))
Step:  0
0.611374041079 0
0.611606038109 2
0.615348923534 14
0.615549987627 20
0.615704652314 21
0.617235832715 27
Step:  1
0.617096634496 0
0.617653427369 2
0.618194753774 13
0.618627814897 14
0.618813412522 16
0.61954033655 18
Step:  2
0.618859811928 0
0.618875278396 2
0.619277406583 3
0.619463004207 5
0.619509403613 11
0.619586735956 13
0.620081662955 16
0.620128062361 19
0.620808586983 21
Step:  3
0.620128062361 0
0.620514724078 3
0.62060752289 4
0.620715788171 5
0.621643776293 13
Step:  4
0.620483791141 0
0.621102449889 2
0.621473645137 3
0.621504578075 16
0.622308834447 19
Step:  5
0.620452858203 0
0.621025117545 2
0.622324300916 3
0.622355233853 11
0.622463499134 28
0.622494432071 29
Step:  6
0.620808586983 0
0.620994184608 2
0.622448032665 3
0.622478965603 26
0.622540831477 30
Step:  7
0.620824053452 0
0.62121071517 2
0.622540831477 3
0.622571764415 11
0.622664563227 26
Step:  8
0.620622989359 0
0.621148849295 2
0.62250989854 3
0.622726429102 42
Step:  9
0.620638455828 0
0.621334446919 2
0.62274189557 3
Step:  10
0.620360059391 0
0.621133382826 2
0.622463499134 4
0.622478965603 5
0.622834694383 11
0.622958426132 34
Step:  11
0.620344592923 0
0.621396312794 2
0.62250989854 4
0.622881093789 11
Step:  12
0.620421925266 0
0.621241648107 2
0.62250989854 4
0.622587230883 5
0.622819227914 28
Step:  13
0.620468324672 0
0.621179782232 2
0.622432566196 4
0.622602697352 37
0.62274189557 39
0.622788294976 45
Step:  14
0.621334446919 0
0.621752041574 2
0.622556297946 4
0.622649096758 5
0.622803761445 35
Step:  15
0.620916852264 0
0.621984038604 2
0.622432566196 4
0.622587230883 5
0.622912026726 12
0.623144023756 53
Step:  16
0.62121071517 0
0.622216035635 2
0.62286562732 4
0.622958426132 7
0.623205889631 12
0.6232213561 31
Step:  17
0.621257114576 0
0.621427245731 2
0.623174956694 4
0.623314154912 37
0.62334508785 51
Step:  18
0.621535511012 0
0.623004825538 4
0.623113090819 32
0.623267755506 37
Step:  19
0.621272581044 0
0.622850160851 4
0.622973892601 5
0.623082157882 32
0.623252289037 39
Step:  20
0.621349913388 0
0.621829373917 2
0.623020292007 4
0.623144023756 5
0.623515219005 32
Step:  21
0.621752041574 0
0.623174956694 4
0.623267755506 5
0.623468819599 43
0.623608017817 44
Step:  22
0.621875773323 0
0.62309762435 4
0.623190423163 5
0.623283221975 52
Step:  23
0.621813907449 0
0.62309762435 4
0.623159490225 5
Step:  24
0.621349913388 0
0.622602697352 4
0.622664563227 48
0.622680029696 54
Step:  25
0.620932318733 0
0.62121071517 2
0.622123236823 4
0.62238616679 43
Step:  26
0.620514724078 0
0.620669388765 2
0.622014971542 4
Step:  27
0.620143528829 0
0.620684855234 7
0.621365379856 8
0.621504578075 38
0.621721108636 46
0.621767508043 49
Step:  28
0.620360059391 0
0.621767508043 8
Step:  29
0.620762187577 0
0.620916852264 2
0.621767508043 12
0.622200569166 38
Step:  30
0.620576589953 0
0.620653922296 2
0.621241648107 7
0.6214427122 25
0.622061370948 46
Step:  31
0.620746721109 0
0.62108698342 2
0.621504578075 7
0.621860306855 48
Step:  32
0.621334446919 0
0.6214427122 7
0.621597376887 20
0.622014971542 56
Step:  33
0.620978718139 0
0.621365379856 7
0.621860306855 20
Step:  34
0.62001979708 0
0.620684855234 7
0.620715788171 25
0.621334446919 36
0.622061370948 50
Step:  35
0.621334446919 0
0.621380846325 23
0.6214427122 47
Step:  36
0.621133382826 0
Step:  37
0.6178854244 1
0.618767013116 2
0.620406458797 7
Step:  38
0.616957436278 1
0.618318485523 2
0.619045409552 10
0.619277406583 12
0.619478470676 40
0.619571269488 41
Step:  39
0.617235832715 1
0.618859811928 2
0.619261940114 10
0.619586735956 12
Step:  40
0.614977728285 1
0.618906211334 2
0.619122741896 16
0.619231007176 23
Step:  41
0.618411284336 1
Step:  42
0.620344592923 2
0.620421925266 14
0.620901385796 15
0.622881093789 16
Step:  43
0.624257609503 2
Step:  44
0.620035263549 6
0.620097129423 9
0.622710962633 10
0.623917347191 22
0.624211210097 25
Step:  45
0.620128062361 6
0.622370700322 10
0.622695496164 15
0.62476800297 22
Step:  46
0.62096325167 6
0.62227790151 9
0.624025612472 10
0.624087478347 40
Step:  47
0.619555803019 6
0.621334446919 9
0.622587230883 10
Step:  48
0.618009156149 6
0.620978718139 9
0.621226181638 36
Step:  49
0.617668893838 6
0.618844345459 9
0.619045409552 15
0.619710467706 58
Step:  50
0.61468386538 6
0.615580920564 9
0.6161067805 15
Step:  51
0.612162830982 6
0.617204899777 9
Step:  52
0.61384867607 6
0.614482801287 17
Step:  53
0.609115936649 6
Step:  54
0.600717644147 14
0.601645632269 33
Step:  55
0.584400519673 14
0.585436773076 55
Step:  56
0.569104182133 14
0.579327517941 57
Step:  57
0.5 14
Step:  58
0.5 24
These are the least important indicies
59
27
18
21
13
19
29
30
26
42
3
34
11
28
45
35
53
31
51
37
39
32
44
52
5
54
43
4
49
8
38
46
48
56
20
50
47
0
7
41
12
23
1
16
2
25
22
40
10
36
58
15
9
17
6
33
55
57
14
24
Accuracy:  0.339696569636
Test Accuracy:  0.5
mean status length of females:  918.654818671
mean status length of males:  907.907647744
